131,1
131,0
129,5
129,4
129,3
129,2
129,1
129,0
126,5
126,4
126,3
126,2
126,1
126,0
125,9
125,7
125,6
125,5
125,4
125,3
125,2
125,1
125,0
124,6
124,5
124,4
124,3
124,2
124,1
124,0
120,3
120,2
120,1
120,0
118,6
118,5
118,4
118,3
118,2
118,1
118,0
117,3
117,2
117,1
117,0
114,5
114,4
114,3
114,2
114,1
114,0
111,6
111,5
111,4
111,3
111,2
111,1
111,0
108,4
108,3
108,2
108,1
108,0
106,6
106,4
106,3
106,2
106,1
106,0
105,5
105,4
105,3
105,2
105,1
105,0
103,3
103,2
103,1
103,0
102,5
102,4
102,3
102,2
102,1
102,0
96,5
96,4
96,3
96,2
96,1
96,0
92,6
92,5
92,4
92,3
92,2
92,1
92,0
91,13
91,12
91,10
91,8
91,5
91,3
91,2
91,1
91,0
90,7
90,6
90,5
90,4
90,3
90,2
90,1
90,0
88,9
88,8
88,7
88,5
88,4
88,3
88,2
88,1
88,0
87,8
87,6
87,3
87,2
87,1
87,0
83,4
83,3
83,2
83,1
83,0
82,5
82,4
82,3
82,2
82,1
82,0
81,3
81,2
81,1
81,0
80,4
80,3
80,2
80,1
80,0
77,5
77,4
77,3
77,2
77,1
77,0
76,4
76,3
76,2
76,1
76,0
75,8
75,3
75,2
75,1
75,0
74,5
74,4
74,3
74,2
74,1
74,0
73,4
73,3
73,2
73,1
73,0
69,3
69,2
69,1
69,0
67,7
67,5
67,4
67,3
67,2
67,1
67,0
63,5
63,4
63,3
63,2
63,1
63,0
42,3
42,2
42,1
42,0
38,3
38,2
38,1
38,0
32,4
32,3
32,2
32,1
32,0
31,3
31,2
31,1
31,0
11,3
11,2
11,1
11,0
5,3
5,2
5,1
5,0
4,3
2,11
2,9
2,8
2,7
2,6
2,5
2,3
2,2
2,1
2,0
1,3
0,499
0,498
0,367
0,243
0,9
0,1
131,2
131,3
132,1
132,2
132,4
136,0
136,2
136,4
140,0
140,2
140,3
143,0
143,2
143,3
143,5
148,0
148,2
148,3
148,5
148,7
148,8
148,10
148,11
151,0
151,2
151,3
151,5
152,0
152,2
152,3
153,1
153,3
154,0
154,2
154,3
155,1
155,3
156,0
156,2
156,3
157,1
157,2
158,0
158,2
158,3
159,1
159,2
160,0
160,2
160,3
161,1
161,2
162,0
162,2
162,3
164,1
164,2
165,0
165,1
165,3
167,1
167,2
167,4
169,0
169,2
169,4
170,0
170,2
170,3
170,5
173,0
173,2
173,4
177,0
177,2
177,3
177,5
180,1
180,2
180,4
180,5
180,3
180,0
177,4
177,1
173,3
173,1
170,4
170,1
169,3
169,1
167,3
167,0
165,2
164,3
164,0
162,1
161,3
161,0
160,1
159,3
159,0
158,1
157,3
157,0
156,1
155,2
155,0
154,1
153,2
153,0
152,1
151,4
151,1
148,13
148,9
148,6
148,4
148,1
143,4
143,1
140,4
140,1
136,3
136,1
132,3
132,0
0,300
0,299
0,298
0,297
0,296
0,295
0,294
0,293
0,292
0,291
0,290
0,289
0,288
0,287
0,286
0,285
0,284
0,283
0,282
0,281
0,280
0,279
0,278
0,277
0,276
0,275
0,274
0,273
0,272
0,271
0,270
0,269
0,268
0,267
0,266
0,265
0,264
0,263
0,262
0,261
0,260
0,259
0,258
0,257
0,256
0,255
0,254
0,253
0,252
0,251
0,250
0,249
0,248
0,247
0,246
0,245
0,244
0,242
0,241
0,240
0,239
0,238
0,237
0,236
0,235
0,234
0,233
0,232
0,231
0,230
0,229
0,228
0,227
0,226
0,225
0,224
0,223
0,222
0,221
0,220
0,219
0,218
0,217
0,216
0,215
0,214
0,213
0,212
0,211
0,210
0,209
0,208
0,207
0,206
0,205
0,204
0,203
0,202
0,201
0,200
0,199
0,198
0,197
0,196
0,195
0,194
0,193
0,192
0,63
0,62
0,61
0,60
0,59
0,58
0,57
0,56
0,55
0,54
0,53
0,52
0,51
0,50
0,49
0,48
0,47
0,46
0,45
0,6
0,0
0,5
0,304
0,303
0,306
0,305
0,302
0,12
0,366
0,10
0,8
0,11
0,4
0,2
0,3
0,7
